    15   184    35    74
    50   184    35    74
    85   184    35    74
   120   184    35    74
   155   184    35    74
   190   184    35    74
    15   184    35    74
    50   184    35    74


    85   184    35    74
   120   184    35    74
   155   184    35    74
   190   184    35    74
    15   184    35    74
    50   184    35    74
    85   184    35    74
   120   184    35    74
   155   184    35    74
   190   184    35    74
    15   184    35    74
    50   184    35    74


    85   184    35    74
   120   184    35    74
   155   184    35    74
   190   184    35    74
    15   184    35    74
    50   184    35    74
    85   184    35    74
   120   184    35    74
   155   184    35    74
   190   184    35    74
    15   184    35    74
    50   184    35    74
