    10     1    37    79
    47     1    37    79
    84     1    37    79
   121     1    37    79
   158     1    37    79
   185     1    37    79


    10     1    37    79
    47     1    37    79
    84     1    37    79
   121     1    37    79
   158     1    37    79
   185     1    37    79
   
   
    10     1    37    79
    47     1    37    79
    84     1    37    79
   121     1    37    79
   158     1    37    79
   185     1    37    79


    10     1    37    79
    47     1    37    79
    84     1    37    79
   121     1    37    79
   158     1    37    79
   185     1    37    79
