     3     0    26    50
    35     0    26    50
    66     0    26    50
    98     0    26    50
    66     0    26    50
    98     0    26    50
   
    3     158    26    50
   35     158    26    50
   66     158    26    50
   98     158    26    50
   66     158    26    50
   98     158    26    50

    3     52    26    50
    35     52    26    50
    66     52    26    50
    98     52    26    50
    66    158    26    50
    98    158    26    50
   
   3     0    26    50