     6     0    30    80
    44     0    30    80
    92     0    30    80
   140     0    30    80
   180     0    30    80
   222     0    30    80
   
   
     6     90   30    80
    44     90   30    80
    92     90   30    80
   140     90   30    80
   180     90   30    80
   222     90   30    80


     6    172   30    80
    44    172   30    80
    92    172   30    80
   140    172   30    80
   180    172   30    80
   222    172   30    80

     6     0    30    80