     0     0    24    45
     0     0    24    45
     0     0    24    45
     0     0    24    45
     0     0    24    45
     0     0    24    44
   
   
     0     0    24    44
     0     0    24    44
     0     0    24    44
     0     0    24    44
     0     0    24    44
     0     0    24    44

     0     0    24    44
     0     0    24    44
     0     0    24    44
     0     0    24    44
     0     0    24    44
     0     0    24    44

     0     0    24    44
     0     0    24    44
     0     0    24    44
     0     0    24    44
     0     0    24    44
     
     0     0    24    44