     6     0    32    80
    52     0    32    80
    92     0    32    80
   140     0    32    80
   180     0    32    80
   222     0    32    80
   
   
     6     90   32    80
    52     90   32    80
    92     90   32    80
   140     90   32    80
   180     90   32    80
   222     90   32    80


     6    172   32    80
    52    172   32    80
    92    172   32    80
   140    172   32    80
   180    172   32    80
   222    172   32    80

    6     0    32    80