    5      0    30    75
    40     0    30    75
    80     0    30    75
   112     0    30    75
   155     0    30    75
   193     0    30    75
   
   
    5      90   30    75
    40     90   30    75
    80     90   30    75
   112     90   30    75
   155     90   30    75
   193     90   30    75


    5     172   30    75
    40    172   30    75
    80    172   30    75
   112    172   30    75
   155    172   30    75
   193    172   30    75

    5      0    30    75